11100101
11100100
11100011
11100101
11100101
11101111
10110111
10001100
11010000
11010000
10100110
11010000
11010000
00100000
10110101
10111100
01101100
10110010
10011101
11101011
11101100
11100100
11101000
11100100
11100101
11100100
00101100
10001111
10001100
10011010
10111010
10110111
10100101
10101010
10100110
10000100
10111101
10111111
10111110
10011010
10101100
10111111
01000001
10000100
10011111
10110000
10100010
10000111
10000010
10110111
10110000
10111011
10101111
10010000
10111010
10000110
10011010
10101100
10011100
00110110
10011111
10000100
10110000
10001100
01110011
