10010110
10000111
10010101
10000000
10011101
10100110
10111101
11010000
11010000
00100000
11010000
11010000
11010000
10000010
10001011
01100001
00100000
10110000
10100111
10011110
10111100
10010100
10111000
10010100
10011010
10100000
11100101
11101000
11100100
11100111
11100110
11100101
11100100
11100111
00101100
10001110
10101000
10101010
10100101
10010111
10110010
10001100
11100111
11100110
11100110
11100110
11101000
11100011
11100110
10101000
10101111
10001011
10001101
10111111
10001100
10111001
10010111
10110010
01001001
11100111
11100111
11100111
11101111
01101100
00000000
