10001001
10111000
10000001
10011111
10111011
10111100
11010001
00100000
10111001
10110101
11010000
10110101
10111010
11010000
11010000
10001100
01100001
10000000
10011000
10100110
10000100
10111101
10111111
10111111
10010000
10111011
11100111
11101000
11100110
11100110
11100111
11101000
11100100
11100101
11100100
10110110
10111111
10011001
10010011
10000100
10100110
10011011
01001001
11100110
11100101
11100110
11100101
11100111
11101000
00101100
10110001
10100101
10010101
10001100
10100110
10000101
10000100
10100110
10101000
11100111
11100100
11101000
11100100
01100101
01101000
