10100011
10000111
10101110
10001110
10111010
10001100
10001111
11010000
00101100
11010001
10111000
11010000
11010000
10100001
10111101
01001010
01101001
11101010
00100000
10101100
10110001
10111111
10011001
10101110
10001110
10100011
10101000
10111111
10010111
10001111
10010100
10111110
10111000
10101101
10111000
11100101
11100111
11100100
11100101
11100101
11100100
11101000
01000100
10101000
10010010
10001101
10100100
10101000
10111111
11100110
11100101
11100110
11100100
11101001
11100101
11100101
11100101
11100100
01010010
10110011
10111000
10100001
10111010
01101110
00000000
