10001001
10001100
10110111
10000001
10100101
11010000
11010001
10110000
10011100
11010000
10010010
10111000
10111001
11010000
11101111
01101110
11101010
11101100
10001100
10100101
10001100
10101000
10101010
10111001
10000100
10000001
10111010
10100001
10111100
10100100
10001000
10000101
10111000
10101100
11100111
11100100
11101000
11101000
11100111
11100111
11101000
01010010
10011010
10001011
10010101
10000001
10111111
10000000
10100000
11100101
11100100
11101000
11100101
11100101
11100101
11100111
11100111
11100101
01000100
10111011
10011010
10001110
10111100
01101001
00000000
