11100110
11101001
11101001
11100011
11100110
11010000
11010000
10011011
00100000
10000111
00100000
10111011
10111110
11010001
11010001
01101001
00101100
10111000
11101011
11101100
11101111
11100111
11100100
11100110
11100111
11100111
10001011
10010000
10110110
10010000
10101000
10010011
10000000
10010111
10110010
10010000
10010100
10111000
10000101
10101101
10111000
10100001
00110110
10100001
10001100
10101110
10001101
10001011
10011001
10000010
10001111
10110101
10111000
10010101
10010010
10101110
10101101
10111000
01000001
10111011
10101101
10101000
10000110
01100111
00000000
