00110110
00111001
00000111
00010110
00111010
01111001
01010101
10000111
00101001
11000011
10101100
01100110
01101101
11010010
01101101
00011100
10000010
00111100
11100101
00110110
00000110
00111101
00111000
00111110
00000010
00111010
10110111
00000001
00010011
00100000
00001111
00010010
00100101
00111110
10000011
00101101
00110001
00111000
00001111
00100110
00001100
10110011
00000111
00000110
00010111
00010010
00111001
00100000
00001010
10110010
00100000
00101110
00001110
00111010
00000010
00010110
00100110
00000001
00101010
10000101
00010011
00001100
00111011
11100101
00011011
