01001000
00110000
11111110
01111001
11001000
10111010
01001100
11000111
10010011
10010101
10110010
00011100
00010000
01101010
01110100
01011111
01000011
01001110
01010101
11100001
11010101
11001101
00110011
10011000
00011011
11110111
11100001
01101010
11100111
00011110
00011100
10111100
01111011
01100010
10100000
01010011
11111000
00001001
11111010
10101010
00011100
01111000
11100000
01001010
11101001
00010001
01000000
11001000
01110011
10111100
10110000
11100010
10010100
11000000
01001001
00101110
10101010
00110010
11001011
00011010
00110110
01110010
01001111
11011111
10100011
